image: globalmap.pgm
resolution: 0.050000
origin: [-138.856659, -138.655350, 0.000000]
negate: 0
occupied_thresh: 0.65
free_thresh: 0.196

